
          * * * * File for field line grid parameters,          EUV fluxes cross sections * * * * *

  YEAR= 2017    DAY=  71   F107=  77.0   F107A=  78.0     Ap=   3.0

          **** The field line grid parameters at UT=  359.41 ****

  L-shell =  2.301;     Magnetic longitude= 358.5
 Length of flux tube =    27025 km     Total flux tube volume =   2.48E+10 cm-3

    pt     alt    arc_len   alt_dif   arc_dif   dip_ang  cos_dip  mag_fld  Tube_vol  gravity   Re+alt  Div_Vem   B_lat  G_lat G_long
    1    100.00      0.00      0.00      0.00     66.04     0.41     0.50  0.00E+00   -868.8   6470.0  3.93E-10   48.4   38.5  284.5   0.000000E+00
    2    104.59      5.02      4.59      5.02     66.03     0.41     0.50  0.00E+00   -867.5   6474.6  3.94E-10   48.4   38.5  284.5   4.984586E+05
    3    109.22     10.09      4.63      5.07     66.02     0.41     0.50  0.00E+00   -866.2   6479.2  3.94E-10   48.3   38.5  284.5   5.041629E+05
    4    113.89     15.20      4.67      5.11     66.00     0.41     0.50  0.00E+00   -864.8   6483.9  3.95E-10   48.3   38.4  284.5   5.099757E+05
    5    118.60     20.36      4.71      5.16     65.99     0.41     0.49  0.00E+00   -863.5   6488.6  3.95E-10   48.3   38.4  284.5   5.158998E+05
    6    123.35     25.56      4.76      5.21     65.98     0.41     0.49  5.22E+05   -862.1   6493.4  3.96E-10   48.3   38.4  284.5   5.219382E+05
    7    128.15     30.82      4.80      5.26     65.96     0.41     0.49  1.05E+06   -860.8   6498.2  3.96E-10   48.3   38.4  284.5   5.280940E+05
    8    133.00     36.12      4.84      5.31     65.95     0.41     0.49  1.58E+06   -859.4   6503.0  3.97E-10   48.2   38.4  284.5   5.343704E+05
    9    137.89     41.48      4.89      5.36     65.93     0.41     0.49  2.13E+06   -858.0   6507.9  3.97E-10   48.2   38.3  284.5   5.407707E+05
   10    142.83     46.89      4.94      5.41     65.92     0.41     0.49  2.67E+06   -856.6   6512.8  3.98E-10   48.2   38.3  284.5   5.472982E+05
   11    147.81     52.35      4.98      5.46     65.90     0.41     0.49  3.23E+06   -855.2   6517.8  3.98E-10   48.2   38.3  284.5   5.539566E+05
   12    152.84     57.86      5.03      5.51     65.89     0.41     0.49  3.79E+06   -853.8   6522.8  3.99E-10   48.2   38.3  284.5   5.607494E+05
   13    157.92     63.43      5.08      5.57     65.87     0.41     0.49  4.35E+06   -852.4   6527.9  3.99E-10   48.1   38.3  284.5   5.676804E+05
   14    163.05     69.05      5.13      5.62     65.86     0.41     0.48  4.93E+06   -850.9   6533.1  4.00E-10   48.1   38.2  284.5   5.747536E+05
   15    168.23     74.72      5.18      5.68     65.84     0.41     0.48  5.51E+06   -849.5   6538.2  4.00E-10   48.1   38.2  284.5   5.819730E+05
   16    173.46     80.46      5.23      5.73     65.83     0.41     0.48  6.10E+06   -848.0   6543.5  4.01E-10   48.1   38.2  284.5   5.893429E+05
   17    178.75     86.25      5.28      5.79     65.81     0.41     0.48  6.70E+06   -846.5   6548.7  4.01E-10   48.1   38.2  284.5   5.968676E+05
   18    184.08     92.10      5.34      5.85     65.80     0.41     0.48  7.30E+06   -845.0   6554.1  4.02E-10   48.0   38.2  284.5   6.045517E+05
   19    189.48     98.01      5.39      5.91     65.78     0.41     0.48  7.91E+06   -843.6   6559.5  4.03E-10   48.0   38.1  284.5   6.123998E+05
   20    194.92    103.99      5.45      5.97     65.76     0.41     0.48  8.54E+06   -842.0   6564.9  4.03E-10   48.0   38.1  284.5   6.204168E+05
   21    200.43    110.02      5.50      6.04     65.75     0.41     0.48  9.16E+06   -840.5   6570.4  4.04E-10   48.0   38.1  284.5   6.286078E+05
   22    205.99    116.12      5.56      6.10     65.73     0.41     0.47  9.80E+06   -839.0   6576.0  4.04E-10   48.0   38.1  284.5   6.369781E+05
   23    211.60    122.28      5.62      6.16     65.71     0.41     0.47  1.04E+07   -837.5   6581.6  4.05E-10   47.9   38.1  284.5   6.455332E+05
   24    217.28    128.51      5.68      6.23     65.70     0.41     0.47  1.11E+07   -835.9   6587.3  4.05E-10   47.9   38.0  284.5   6.542787E+05
   25    223.02    134.81      5.74      6.30     65.68     0.41     0.47  1.18E+07   -834.3   6593.0  4.06E-10   47.9   38.0  284.5   6.632205E+05
   26    228.82    141.17      5.80      6.37     65.66     0.41     0.47  1.24E+07   -832.8   6598.8  4.07E-10   47.9   38.0  284.5   6.723647E+05
   27    234.68    147.61      5.86      6.44     65.65     0.41     0.47  1.31E+07   -831.2   6604.7  4.07E-10   47.8   38.0  284.5   6.817178E+05
   28    240.61    154.12      5.93      6.51     65.63     0.41     0.47  1.38E+07   -829.6   6610.6  4.08E-10   47.8   37.9  284.5   6.912865E+05
   29    246.60    160.70      5.99      6.58     65.61     0.41     0.46  1.45E+07   -827.9   6616.6  4.09E-10   47.8   37.9  284.5   7.010775E+05
   30    252.66    167.35      6.06      6.65     65.59     0.41     0.46  1.52E+07   -826.3   6622.7  4.09E-10   47.8   37.9  284.5   7.110982E+05
   31    258.79    174.08      6.13      6.73     65.57     0.41     0.46  1.59E+07   -824.7   6628.8  4.10E-10   47.7   37.9  284.5   7.213560E+05
   32    264.98    180.88      6.20      6.81     65.56     0.41     0.46  1.67E+07   -823.0   6635.0  4.11E-10   47.7   37.8  284.5   7.318588E+05
   33    271.25    187.77      6.27      6.89     65.54     0.41     0.46  1.74E+07   -821.3   6641.3  4.11E-10   47.7   37.8  284.5   7.426146E+05
   34    277.59    194.74      6.34      6.97     65.52     0.41     0.46  1.82E+07   -819.6   6647.6  4.12E-10   47.7   37.8  284.5   7.536321E+05
   35    284.00    201.78      6.41      7.05     65.50     0.41     0.46  1.89E+07   -817.9   6654.0  4.13E-10   47.6   37.8  284.5   7.649200E+05
   36    290.49    208.91      6.49      7.13     65.48     0.42     0.45  1.97E+07   -816.2   6660.5  4.13E-10   47.6   37.7  284.5   7.764877E+05
   37    297.06    216.13      6.57      7.22     65.46     0.42     0.45  2.05E+07   -814.5   6667.1  4.14E-10   47.6   37.7  284.5   7.883447E+05
   38    303.70    223.44      6.64      7.30     65.44     0.42     0.45  2.13E+07   -812.7   6673.7  4.15E-10   47.6   37.7  284.5   8.005011E+05
   39    310.43    230.83      6.72      7.39     65.42     0.42     0.45  2.21E+07   -811.0   6680.4  4.15E-10   47.5   37.7  284.5   8.129676E+05
   40    317.23    238.32      6.81      7.49     65.40     0.42     0.45  2.29E+07   -809.2   6687.2  4.16E-10   47.5   37.6  284.5   8.257550E+05
   41    324.13    245.90      6.89      7.58     65.38     0.42     0.45  2.38E+07   -807.4   6694.1  4.17E-10   47.5   37.6  284.5   8.388750E+05
   42    331.10    253.57      6.98      7.67     65.36     0.42     0.45  2.46E+07   -805.6   6701.1  4.18E-10   47.5   37.6  284.5   8.523395E+05
   43    338.17    261.34      7.06      7.77     65.34     0.42     0.44  2.55E+07   -803.8   6708.2  4.18E-10   47.4   37.6  284.5   8.661611E+05
   44    345.32    269.22      7.15      7.87     65.32     0.42     0.44  2.64E+07   -801.9   6715.3  4.19E-10   47.4   37.5  284.5   8.803531E+05
   45    352.56    277.19      7.25      7.97     65.30     0.42     0.44  2.73E+07   -800.0   6722.6  4.20E-10   47.4   37.5  284.5   8.949293E+05
   46    359.90    285.27      7.34      8.08     65.27     0.42     0.44  2.82E+07   -798.2   6729.9  4.21E-10   47.3   37.5  284.5   9.099042E+05
   47    367.34    293.46      7.43      8.19     65.25     0.42     0.44  2.91E+07   -796.2   6737.3  4.22E-10   47.3   37.4  284.5   9.252928E+05
   48    374.87    301.75      7.53      8.30     65.23     0.42     0.44  3.00E+07   -794.3   6744.9  4.23E-10   47.3   37.4  284.5   9.411113E+05
   49    382.50    310.16      7.63      8.41     65.21     0.42     0.43  3.10E+07   -792.4   6752.5  4.23E-10   47.3   37.4  284.5   9.573762E+05
   50    390.24    318.68      7.74      8.52     65.18     0.42     0.43  3.20E+07   -790.4   6760.2  4.24E-10   47.2   37.3  284.5   9.741051E+05
   51    398.08    327.32      7.84      8.64     65.16     0.42     0.43  3.30E+07   -788.4   6768.1  4.25E-10   47.2   37.3  284.5   9.913165E+05
   52    406.03    336.09      7.95      8.76     65.14     0.42     0.43  3.40E+07   -786.4   6776.0  4.26E-10   47.2   37.3  284.5   1.009030E+06
   53    414.09    344.97      8.06      8.89     65.11     0.42     0.43  3.50E+07   -784.4   6784.1  4.27E-10   47.1   37.3  284.5   1.027265E+06
   54    422.27    353.98      8.17      9.01     65.09     0.42     0.43  3.61E+07   -782.4   6792.3  4.28E-10   47.1   37.2  284.5   1.046044E+06
   55    430.56    363.13      8.29      9.14     65.06     0.42     0.42  3.71E+07   -780.3   6800.6  4.29E-10   47.1   37.2  284.5   1.065389E+06
   56    438.97    372.40      8.41      9.28     65.04     0.42     0.42  3.82E+07   -778.2   6809.0  4.30E-10   47.0   37.2  284.5   1.085325E+06
   57    447.50    381.82      8.53      9.41     65.01     0.42     0.42  3.93E+07   -776.1   6817.5  4.31E-10   47.0   37.1  284.5   1.105875E+06
   58    456.16    391.37      8.66      9.55     64.98     0.42     0.42  4.04E+07   -774.0   6826.2  4.32E-10   47.0   37.1  284.5   1.127066E+06
   59    464.95    401.07      8.79      9.70     64.96     0.42     0.42  4.16E+07   -771.8   6834.9  4.33E-10   46.9   37.1  284.5   1.148927E+06
   60    473.87    410.92      8.92      9.85     64.93     0.42     0.42  4.28E+07   -769.7   6843.9  4.34E-10   46.9   37.0  284.5   1.171487E+06
   61    482.92    420.92      9.06     10.00     64.90     0.42     0.41  4.40E+07   -767.5   6852.9  4.35E-10   46.9   37.0  284.5   1.194777E+06
   62    492.12    431.07      9.20     10.16     64.88     0.42     0.41  4.52E+07   -765.2   6862.1  4.36E-10   46.8   37.0  284.5   1.218829E+06
   63    501.46    441.39      9.34     10.32     64.85     0.43     0.41  4.64E+07   -763.0   6871.5  4.37E-10   46.8   36.9  284.5   1.243678E+06
   64    510.95    451.87      9.49     10.48     64.82     0.43     0.41  4.77E+07   -760.7   6880.9  4.38E-10   46.8   36.9  284.5   1.269362E+06
   65    520.59    462.52      9.64     10.65     64.79     0.43     0.41  4.90E+07   -758.4   6890.6  4.39E-10   46.7   36.8  284.5   1.295919E+06
   66    530.38    473.35      9.80     10.83     64.76     0.43     0.40  5.03E+07   -756.0   6900.4  4.40E-10   46.7   36.8  284.5   1.323391E+06
   67    540.34    484.36      9.96     11.01     64.73     0.43     0.40  5.17E+07   -753.7   6910.3  4.41E-10   46.6   36.8  284.5   1.351820E+06
   68    550.46    495.56     10.12     11.19     64.70     0.43     0.40  5.30E+07   -751.3   6920.5  4.42E-10   46.6   36.7  284.5   1.381255E+06
   69    560.75    506.94     10.29     11.39     64.67     0.43     0.40  5.44E+07   -748.9   6930.8  4.43E-10   46.6   36.7  284.5   1.411744E+06
   70    571.22    518.53     10.47     11.58     64.64     0.43     0.40  5.59E+07   -746.4   6941.2  4.45E-10   46.5   36.6  284.5   1.443340E+06
   71    581.87    530.31     10.65     11.79     64.60     0.43     0.40  5.74E+07   -743.9   6951.9  4.46E-10   46.5   36.6  284.5   1.476099E+06
   72    592.71    542.31     10.84     12.00     64.57     0.43     0.39  5.89E+07   -741.4   6962.7  4.47E-10   46.4   36.6  284.5   1.510080E+06
   73    603.74    554.53     11.03     12.21     64.54     0.43     0.39  6.04E+07   -738.9   6973.7  4.48E-10   46.4   36.5  284.5   1.545347E+06
   74    614.96    566.96     11.23     12.44     64.50     0.43     0.39  6.20E+07   -736.3   6985.0  4.50E-10   46.3   36.5  284.5   1.581967E+06
   75    626.40    579.63     11.43     12.67     64.47     0.43     0.39  6.36E+07   -733.7   6996.4  4.51E-10   46.3   36.4  284.5   1.620014E+06
   76    638.04    592.54     11.65     12.91     64.43     0.43     0.38  6.53E+07   -731.0   7008.0  4.52E-10   46.3   36.4  284.5   1.659563E+06
   77    649.91    605.69     11.86     13.15     64.40     0.43     0.38  6.70E+07   -728.3   7019.9  4.54E-10   46.2   36.3  284.5   1.700698E+06
   78    662.00    619.10     12.09     13.41     64.36     0.43     0.38  6.87E+07   -725.6   7032.0  4.55E-10   46.2   36.3  284.5   1.743507E+06
   79    674.32    632.78     12.32     13.67     64.32     0.43     0.38  7.05E+07   -722.8   7044.3  4.57E-10   46.1   36.2  284.5   1.788085E+06
   80    686.89    646.72     12.57     13.95     64.28     0.43     0.38  7.24E+07   -720.0   7056.9  4.58E-10   46.1   36.2  284.5   1.834533E+06
   81    699.71    660.95     12.82     14.23     64.25     0.43     0.37  7.42E+07   -717.2   7069.7  4.60E-10   46.0   36.1  284.5   1.882962E+06
   82    712.78    675.48     13.08     14.52     64.21     0.44     0.37  7.62E+07   -714.3   7082.8  4.61E-10   46.0   36.1  284.5   1.933487E+06
   83    726.13    690.30     13.35     14.83     64.16     0.44     0.37  7.82E+07   -711.4   7096.1  4.63E-10   45.9   36.0  284.5   1.986236E+06
   84    739.76    705.45     13.63     15.14     64.12     0.44     0.37  8.02E+07   -708.4   7109.8  4.64E-10   45.9   36.0  284.5   2.041345E+06
   85    753.68    720.92     13.92     15.47     64.08     0.44     0.36  8.23E+07   -705.4   7123.7  4.66E-10   45.8   35.9  284.5   2.098961E+06
   86    767.89    736.73     14.22     15.81     64.04     0.44     0.36  8.45E+07   -702.3   7137.9  4.68E-10   45.8   35.9  284.5   2.159242E+06
   87    782.42    752.90     14.53     16.17     63.99     0.44     0.36  8.67E+07   -699.2   7152.4  4.69E-10   45.7   35.8  284.5   2.222360E+06
   88    797.28    769.43     14.86     16.53     63.95     0.44     0.36  8.90E+07   -696.0   7167.3  4.71E-10   45.6   35.8  284.5   2.288500E+06
   89    812.47    786.34     15.19     16.92     63.90     0.44     0.36  9.13E+07   -692.8   7182.5  4.73E-10   45.6   35.7  284.5   2.357864E+06
   90    828.02    803.66     15.54     17.31     63.85     0.44     0.35  9.38E+07   -689.5   7198.0  4.75E-10   45.5   35.6  284.5   2.430671E+06
   91    843.93    821.39     15.91     17.73     63.80     0.44     0.35  9.63E+07   -686.2   7213.9  4.77E-10   45.5   35.6  284.5   2.507158E+06
   92    860.22    839.55     16.29     18.16     63.75     0.44     0.35  9.88E+07   -682.8   7230.2  4.79E-10   45.4   35.5  284.5   2.587584E+06
   93    876.91    858.17     16.69     18.62     63.70     0.44     0.34  1.02E+08   -679.4   7246.9  4.81E-10   45.3   35.4  284.5   2.672232E+06
   94    894.02    877.26     17.11     19.09     63.65     0.44     0.34  1.04E+08   -675.9   7264.0  4.83E-10   45.3   35.4  284.5   2.761410E+06
   95    911.56    896.84     17.54     19.58     63.59     0.44     0.34  1.07E+08   -672.3   7281.6  4.85E-10   45.2   35.3  284.5   2.855454E+06
   96    929.56    916.94     18.00     20.10     63.53     0.45     0.34  1.10E+08   -668.6   7299.6  4.87E-10   45.1   35.2  284.5   2.954735E+06
   97    948.03    937.57     18.47     20.64     63.48     0.45     0.33  1.13E+08   -664.9   7318.0  4.90E-10   45.0   35.2  284.5   3.059658E+06
   98    967.00    958.78     18.97     21.21     63.42     0.45     0.33  1.16E+08   -661.2   7337.0  4.92E-10   45.0   35.1  284.5   3.170670E+06
   99    986.49    980.58     19.49     21.80     63.36     0.45     0.33  1.20E+08   -657.3   7356.5  4.94E-10   44.9   35.0  284.5   3.288263E+06
  100   1006.53   1003.01     20.04     22.43     63.29     0.45     0.33  1.23E+08   -653.4   7376.5  4.97E-10   44.8   34.9  284.5   3.412978E+06
  101   1027.14   1026.09     20.61     23.08     63.23     0.45     0.32  1.27E+08   -649.4   7397.1  5.00E-10   44.7   34.9  284.5   3.545417E+06
  102   1048.36   1049.86     21.22     23.77     63.16     0.45     0.32  1.30E+08   -645.3   7418.4  5.02E-10   44.7   34.8  284.5   3.686246E+06
  103   1070.21   1074.36     21.85     24.50     63.09     0.45     0.32  1.34E+08   -641.1   7440.2  5.05E-10   44.6   34.7  284.5   3.836203E+06
  104   1092.74   1099.63     22.52     25.27     63.02     0.45     0.31  1.38E+08   -636.8   7462.7  5.08E-10   44.5   34.6  284.5   3.996113E+06
  105   1115.97   1125.71     23.23     26.08     62.95     0.45     0.31  1.42E+08   -632.5   7486.0  5.11E-10   44.4   34.5  284.5   4.166896E+06
  106   1139.95   1152.64     23.98     26.93     62.87     0.46     0.31  1.47E+08   -628.0   7509.9  5.14E-10   44.3   34.4  284.5   4.349581E+06
  107   1164.71   1180.48     24.77     27.84     62.79     0.46     0.30  1.51E+08   -623.5   7534.7  5.17E-10   44.2   34.3  284.5   4.545322E+06
  108   1190.32   1209.28     25.61     28.80     62.71     0.46     0.30  1.56E+08   -618.8   7560.3  5.21E-10   44.1   34.2  284.5   4.755419E+06
  109   1216.81   1239.11     26.49     29.82     62.63     0.46     0.30  1.61E+08   -614.0   7586.8  5.24E-10   44.0   34.1  284.5   4.981338E+06
  110   1244.25   1270.01     27.44     30.91     62.54     0.46     0.29  1.66E+08   -609.1   7614.2  5.28E-10   43.9   34.0  284.5   5.224740E+06
  111   1272.68   1302.08     28.44     32.06     62.45     0.46     0.29  1.72E+08   -604.1   7642.7  5.32E-10   43.8   33.9  284.5   5.487508E+06
  112   1302.19   1335.37     29.51     33.29     62.35     0.46     0.29  1.77E+08   -598.9   7672.2  5.36E-10   43.7   33.8  284.5   5.771789E+06
  113   1332.83   1369.98     30.64     34.61     62.26     0.47     0.28  1.83E+08   -593.6   7702.8  5.40E-10   43.5   33.7  284.5   6.080037E+06
  114   1364.70   1406.00     31.86     36.02     62.15     0.47     0.28  1.90E+08   -588.2   7734.7  5.44E-10   43.4   33.5  284.5   6.415070E+06
  115   1397.86   1443.53     33.17     37.53     62.04     0.47     0.27  1.97E+08   -582.6   7767.9  5.49E-10   43.3   33.4  284.5   6.780130E+06
  116   1432.43   1482.69     34.57     39.16     61.93     0.47     0.27  2.04E+08   -576.9   7802.4  5.54E-10   43.2   33.3  284.5   7.178971E+06
  117   1468.51   1523.59     36.07     40.91     61.81     0.47     0.27  2.11E+08   -570.9   7838.5  5.59E-10   43.0   33.1  284.5   7.615951E+06
  118   1506.20   1566.39     37.70     42.79     61.69     0.47     0.26  2.20E+08   -564.8   7876.2  5.64E-10   42.9   33.0  284.5   8.096158E+06
  119   1545.65   1611.23     39.45     44.84     61.56     0.48     0.26  2.28E+08   -558.5   7915.7  5.70E-10   42.7   32.8  284.5   8.625558E+06
  120   1587.00   1658.28     41.35     47.06     61.42     0.48     0.25  2.37E+08   -552.0   7957.0  5.75E-10   42.5   32.7  284.5   9.211185E+06
  121   1630.41   1707.75     43.41     49.47     61.28     0.48     0.25  2.47E+08   -545.3   8000.4  5.82E-10   42.4   32.5  284.5   9.861375E+06
  122   1676.07   1759.85     45.66     52.10     61.13     0.48     0.24  2.58E+08   -538.3   8046.1  5.89E-10   42.2   32.3  284.5   1.058607E+07
  123   1724.18   1814.84     48.11     54.98     60.97     0.49     0.24  2.69E+08   -531.1   8094.2  5.96E-10   42.0   32.1  284.5   1.139720E+07
  124   1774.98   1872.99     50.80     58.15     60.80     0.49     0.23  2.82E+08   -523.7   8145.0  6.03E-10   41.8   31.9  284.5   1.230917E+07
  125   1828.74   1934.63     53.76     61.64     60.62     0.49     0.23  2.95E+08   -515.9   8198.7  6.12E-10   41.6   31.7  284.5   1.333951E+07
  126   1885.76   2000.14     57.02     65.50     60.42     0.49     0.22  3.09E+08   -507.8   8255.8  6.20E-10   41.4   31.5  284.5   1.450972E+07
  127   1946.40   2069.93     60.64     69.80     60.21     0.50     0.22  3.25E+08   -499.4   8316.4  6.30E-10   41.1   31.3  284.5   1.584638E+07
  128   2011.06   2144.52     64.66     74.59     59.99     0.50     0.21  3.43E+08   -490.6   8381.1  6.40E-10   40.9   31.0  284.5   1.738266E+07
  129   2080.21   2224.49     69.16     79.97     59.75     0.50     0.21  3.62E+08   -481.5   8450.2  6.51E-10   40.6   30.7  284.5   1.916032E+07
  130   2154.43   2310.52     74.22     86.03     59.49     0.51     0.20  3.83E+08   -471.9   8524.4  6.64E-10   40.3   30.4  284.5   2.123257E+07
  131   2234.36   2403.43     79.93     92.91     59.21     0.51     0.19  4.07E+08   -461.8   8604.4  6.77E-10   40.0   30.1  284.4   2.366795E+07
  132   2320.79   2504.20     86.43    100.77     58.90     0.52     0.19  4.33E+08   -451.2   8690.8  6.92E-10   39.7   29.8  284.4   2.655720E+07
  133   2414.64   2614.00     93.85    109.80     58.56     0.52     0.18  4.63E+08   -440.0   8784.6  7.08E-10   39.3   29.4  284.4   3.001319E+07
  134   2517.05   2734.28    102.41    120.27     58.19     0.53     0.17  4.97E+08   -428.2   8887.0  7.27E-10   38.9   29.0  284.4   3.420282E+07
  135   2629.40   2866.79    112.35    132.51     57.78     0.53     0.17  5.37E+08   -415.7   8999.4  7.48E-10   38.4   28.5  284.4   3.933765E+07
  136   2753.39   3013.74    123.99    146.95     57.31     0.54     0.16  5.82E+08   -402.4   9123.4  7.71E-10   37.9   28.0  284.4   4.572095E+07
  137   2891.13   3177.90    137.75    164.16     56.79     0.55     0.15  6.36E+08   -388.2   9261.1  7.99E-10   37.4   27.5  284.4   5.378177E+07
  138   3045.31   3362.83    154.18    184.93     56.19     0.56     0.14  7.00E+08   -373.0   9415.3  8.30E-10   36.7   26.9  284.4   6.414421E+07
  139   3219.33   3573.14    174.02    210.31     55.49     0.57     0.13  7.78E+08   -356.6   9589.3  8.68E-10   36.0   26.1  284.4   7.774030E+07
  140   3417.61   3814.95    198.28    241.81     54.68     0.58     0.12  8.74E+08   -339.0   9787.6  9.13E-10   35.2   25.3  284.4   9.600384E+07
  141   3645.92   4096.46    228.31    281.51     53.71     0.59     0.11  9.95E+08   -319.8  10015.9  9.68E-10   34.3   24.4  284.4   1.211980E+08
  142   3911.98   4429.05    266.06    332.59     52.54     0.61     0.10  1.15E+09   -298.8  10282.0  1.04E-09   33.1   23.2  284.4   1.571127E+08
  143   4226.09   4828.68    314.11    399.62     51.09     0.63     0.09  1.36E+09   -275.8  10596.1  1.13E-09   31.8   21.9  284.4   2.102082E+08
  144   4602.11   5318.40    376.02    489.72     49.23     0.65     0.08  1.65E+09   -250.4  10972.1  1.25E-09   30.1   20.2  284.4   2.922119E+08
  145   5058.39   5932.36    456.28    613.97     46.77     0.69     0.07  2.08E+09   -222.0  11428.4  1.41E-09   28.0   18.1  284.4   4.254544E+08
  146   5617.72   6722.32    559.33    789.96     43.36     0.73     0.06  2.74E+09   -190.1  11987.7  1.65E-09   25.3   15.4  284.4   6.547379E+08
  147   6302.14   7767.56    684.42   1045.25     38.39     0.78     0.05  3.81E+09   -153.9  12672.1  2.03E-09   21.6   11.7  284.4   1.073080E+09
  148   7106.94   9185.28    804.80   1417.71     30.65     0.86     0.04  5.67E+09   -111.7  13476.9  2.64E-09   16.5    6.6  284.3   1.863209E+09
  149   7906.37  11109.99    799.43   1924.71     18.15     0.95     0.03  8.90E+09    -60.8  14276.4  3.52E-09    9.3   -0.6  284.3   3.226904E+09
  150   8290.08  13512.40    383.71   2402.42      0.00     1.00     0.03  1.34E+10     -0.0  14660.1  4.09E-09    0.0   -9.9  284.3   4.529371E+09
  151   7906.37  15914.82    383.71   2402.42    161.86    -0.95     0.03  1.75E+10     60.8  14276.4  3.52E-09   -9.3  -19.2  284.2   4.027802E+09
  152   7106.94  17839.53    799.43   1924.71    149.36    -0.86     0.04  2.00E+10    111.7  13476.9  2.64E-09  -16.5  -26.4  284.2   2.529530E+09
  153   6302.14  19257.24    804.80   1417.71    141.63    -0.78     0.05  2.14E+10    153.9  12672.1  2.03E-09  -21.6  -31.5  284.1   1.455463E+09
  154   5617.72  20302.49    684.42   1045.25    136.65    -0.73     0.06  2.23E+10    190.1  11987.7  1.65E-09  -25.3  -35.2  284.1   8.663297E+08
  155   5058.39  21092.44    559.33    789.96    133.25    -0.69     0.07  2.29E+10    222.0  11428.4  1.41E-09  -28.0  -37.9  284.1   5.474089E+08
  156   4602.11  21706.41    456.28    613.97    130.78    -0.65     0.08  2.32E+10    250.4  10972.1  1.25E-09  -30.1  -40.0  284.1   3.663486E+08
  157   4226.09  22196.13    376.02    489.72    128.93    -0.63     0.09  2.35E+10    275.8  10596.1  1.13E-09  -31.8  -41.6  284.1   2.575995E+08
  158   3911.98  22595.75    314.11    399.62    127.47    -0.61     0.10  2.37E+10    298.8  10282.0  1.04E-09  -33.1  -43.0  284.1   1.887788E+08
  159   3645.92  22928.34    266.06    332.59    126.30    -0.59     0.11  2.38E+10    319.8  10015.9  9.68E-10  -34.3  -44.1  284.0   1.431876E+08
  160   3417.61  23209.86    228.31    281.51    125.33    -0.58     0.12  2.39E+10    339.0   9787.6  9.13E-10  -35.2  -45.1  284.0   1.117667E+08
  161   3219.33  23451.67    198.28    241.81    124.52    -0.57     0.13  2.40E+10    356.6   9589.3  8.68E-10  -36.0  -45.9  284.0   8.938312E+07
  162   3045.31  23661.98    174.02    210.31    123.83    -0.56     0.14  2.41E+10    373.0   9415.3  8.30E-10  -36.7  -46.6  284.0   7.294965E+07
  163   2891.13  23846.91    154.18    184.93    123.23    -0.55     0.15  2.41E+10    388.2   9261.1  7.99E-10  -37.4  -47.2  284.0   6.058521E+07
  164   2753.39  24011.07    137.75    164.16    122.70    -0.54     0.16  2.42E+10    402.4   9123.4  7.71E-10  -37.9  -47.8  284.0   5.107663E+07
  165   2629.40  24158.02    123.99    146.95    122.24    -0.53     0.17  2.42E+10    415.7   8999.4  7.48E-10  -38.4  -48.3  284.0   4.362341E+07
  166   2517.05  24290.53    112.35    132.51    121.82    -0.53     0.17  2.43E+10    428.2   8887.0  7.27E-10  -38.9  -48.7  284.0   3.768250E+07
  167   2414.64  24410.80    102.41    120.27    121.45    -0.52     0.18  2.43E+10    440.0   8784.6  7.08E-10  -39.3  -49.2  284.0   3.287641E+07
  168   2320.79  24520.60     93.85    109.80    121.11    -0.52     0.19  2.43E+10    451.2   8690.8  6.92E-10  -39.7  -49.5  284.0   2.893563E+07
  169   2234.36  24621.38     86.43    100.77    120.80    -0.51     0.19  2.44E+10    461.8   8604.4  6.77E-10  -40.0  -49.9  284.0   2.567076E+07
  170   2154.43  24714.29     79.93     92.91    120.52    -0.51     0.20  2.44E+10    471.9   8524.4  6.64E-10  -40.3  -50.2  284.0   2.293088E+07
  171   2080.21  24800.32     74.22     86.03    120.26    -0.50     0.21  2.44E+10    481.5   8450.2  6.51E-10  -40.6  -50.5  284.0   2.061354E+07
  172   2011.06  24880.29     69.16     79.97    120.02    -0.50     0.21  2.44E+10    490.6   8381.1  6.40E-10  -40.9  -50.8  284.0   1.863573E+07
  173   1946.40  24954.88     64.66     74.59    119.80    -0.50     0.22  2.44E+10    499.4   8316.4  6.30E-10  -41.1  -51.0  284.0   1.693447E+07
  174   1885.76  25024.67     60.64     69.80    119.59    -0.49     0.22  2.45E+10    507.8   8255.8  6.20E-10  -41.4  -51.3  284.0   1.546061E+07
  175   1828.74  25090.18     57.02     65.50    119.40    -0.49     0.23  2.45E+10    515.9   8198.7  6.12E-10  -41.6  -51.5  284.0   1.417541E+07
  176   1774.98  25151.82     53.76     61.64    119.22    -0.49     0.23  2.45E+10    523.7   8145.0  6.03E-10  -41.8  -51.7  284.0   1.304797E+07
  177   1724.18  25209.97     50.80     58.15    119.05    -0.49     0.24  2.45E+10    531.1   8094.2  5.96E-10  -42.0  -51.9  284.0   1.205346E+07
  178   1676.07  25264.95     48.11     54.98    118.88    -0.48     0.24  2.45E+10    538.3   8046.1  5.89E-10  -42.2  -52.1  284.0   1.117173E+07
  179   1630.41  25317.05     45.66     52.10    118.73    -0.48     0.25  2.45E+10    545.3   8000.4  5.82E-10  -42.4  -52.3  284.0   1.038628E+07
  180   1587.00  25366.52     43.41     49.47    118.59    -0.48     0.25  2.45E+10    552.0   7957.0  5.75E-10  -42.5  -52.4  284.0   9.683528E+06
  181   1545.65  25413.58     41.35     47.06    118.45    -0.48     0.26  2.45E+10    558.5   7915.7  5.70E-10  -42.7  -52.6  284.0   9.052195E+06
  182   1506.20  25458.42     39.45     44.84    118.32    -0.47     0.26  2.45E+10    564.8   7876.2  5.64E-10  -42.9  -52.7  284.0   8.482861E+06
  183   1468.51  25501.21     37.70     42.79    118.20    -0.47     0.27  2.46E+10    570.9   7838.5  5.59E-10  -43.0  -52.9  284.0   7.967608E+06
  184   1432.43  25542.12     36.07     40.91    118.08    -0.47     0.27  2.46E+10    576.9   7802.4  5.54E-10  -43.2  -53.0  284.0   7.499742E+06
  185   1397.86  25581.27     34.57     39.16    117.97    -0.47     0.27  2.46E+10    582.6   7767.9  5.49E-10  -43.3  -53.2  283.9   7.073574E+06
  186   1364.70  25618.81     33.17     37.53    117.86    -0.47     0.28  2.46E+10    588.2   7734.7  5.44E-10  -43.4  -53.3  283.9   6.684246E+06
  187   1332.83  25654.83     31.86     36.02    117.76    -0.47     0.28  2.46E+10    593.6   7702.8  5.40E-10  -43.5  -53.4  283.9   6.327588E+06
  188   1302.19  25689.44     30.64     34.61    117.66    -0.46     0.29  2.46E+10    598.9   7672.2  5.36E-10  -43.7  -53.5  283.9   6.000003E+06
  189   1272.68  25722.73     29.51     33.29    117.56    -0.46     0.29  2.46E+10    604.1   7642.7  5.32E-10  -43.8  -53.7  283.9   5.698379E+06
  190   1244.25  25754.79     28.44     32.06    117.47    -0.46     0.29  2.46E+10    609.1   7614.2  5.28E-10  -43.9  -53.8  283.9   5.420011E+06
  191   1216.81  25785.70     27.44     30.91    117.39    -0.46     0.30  2.46E+10    614.0   7586.8  5.24E-10  -44.0  -53.9  283.9   5.162535E+06
  192   1190.32  25815.52     26.49     29.82    117.30    -0.46     0.30  2.46E+10    618.8   7560.3  5.21E-10  -44.1  -54.0  283.9   4.923886E+06
  193   1164.71  25844.33     25.61     28.80    117.22    -0.46     0.30  2.46E+10    623.5   7534.7  5.17E-10  -44.2  -54.1  283.9   4.702245E+06
  194   1139.95  25872.17     24.77     27.84    117.14    -0.46     0.31  2.46E+10    628.0   7509.9  5.14E-10  -44.3  -54.2  283.9   4.496011E+06
  195   1115.97  25899.10     23.98     26.93    117.06    -0.45     0.31  2.46E+10    632.5   7486.0  5.11E-10  -44.4  -54.3  283.9   4.303765E+06
  196   1092.74  25925.18     23.23     26.08    116.99    -0.45     0.31  2.46E+10    636.8   7462.7  5.08E-10  -44.5  -54.4  283.9   4.124252E+06
  197   1070.21  25950.45     22.52     25.27    116.92    -0.45     0.32  2.46E+10    641.1   7440.2  5.05E-10  -44.6  -54.4  283.9   3.956353E+06
  198   1048.36  25974.95     21.85     24.50    116.85    -0.45     0.32  2.46E+10    645.3   7418.4  5.02E-10  -44.7  -54.5  283.9   3.799071E+06
  199   1027.14  25998.72     21.22     23.77    116.78    -0.45     0.32  2.46E+10    649.4   7397.1  5.00E-10  -44.7  -54.6  283.9   3.651514E+06
  200   1006.53  26021.80     20.61     23.08    116.72    -0.45     0.33  2.46E+10    653.4   7376.5  4.97E-10  -44.8  -54.7  283.9   3.512882E+06
  201    986.49  26044.23     20.04     22.43    116.66    -0.45     0.33  2.46E+10    657.3   7356.5  4.94E-10  -44.9  -54.8  283.9   3.382457E+06
  202    967.00  26066.03     19.49     21.80    116.60    -0.45     0.33  2.46E+10    661.2   7337.0  4.92E-10  -45.0  -54.9  283.9   3.259591E+06
  203    948.03  26087.23     18.97     21.21    116.54    -0.45     0.33  2.47E+10    664.9   7318.0  4.90E-10  -45.0  -54.9  283.9   3.143701E+06
  204    929.56  26107.87     18.47     20.64    116.48    -0.45     0.34  2.47E+10    668.6   7299.6  4.87E-10  -45.1  -55.0  283.9   3.034258E+06
  205    911.56  26127.97     18.00     20.10    116.42    -0.44     0.34  2.47E+10    672.3   7281.6  4.85E-10  -45.2  -55.1  283.9   2.930783E+06
  206    894.02  26147.55     17.54     19.58    116.37    -0.44     0.34  2.47E+10    675.9   7264.0  4.83E-10  -45.3  -55.1  283.9   2.832842E+06
  207    876.91  26166.64     17.11     19.09    116.31    -0.44     0.34  2.47E+10    679.4   7246.9  4.81E-10  -45.3  -55.2  283.9   2.740038E+06
  208    860.22  26185.26     16.69     18.62    116.26    -0.44     0.35  2.47E+10    682.8   7230.2  4.79E-10  -45.4  -55.3  283.9   2.652011E+06
  209    843.93  26203.42     16.29     18.16    116.21    -0.44     0.35  2.47E+10    686.2   7213.9  4.77E-10  -45.5  -55.3  283.9   2.568432E+06
  210    828.02  26221.15     15.91     17.73    116.16    -0.44     0.35  2.47E+10    689.5   7198.0  4.75E-10  -45.5  -55.4  283.9   2.489000E+06
  211    812.47  26238.46     15.54     17.31    116.11    -0.44     0.36  2.47E+10    692.8   7182.5  4.73E-10  -45.6  -55.5  283.9   2.413438E+06
  212    797.28  26255.38     15.19     16.92    116.07    -0.44     0.36  2.47E+10    696.0   7167.3  4.71E-10  -45.6  -55.5  283.9   2.341495E+06
  213    782.42  26271.91     14.86     16.53    116.02    -0.44     0.36  2.47E+10    699.2   7152.4  4.69E-10  -45.7  -55.6  283.9   2.272936E+06
  214    767.89  26288.08     14.53     16.17    115.98    -0.44     0.36  2.47E+10    702.3   7137.9  4.68E-10  -45.8  -55.6  283.9   2.207549E+06
  215    753.68  26303.89     14.22     15.81    115.93    -0.44     0.36  2.47E+10    705.4   7123.7  4.66E-10  -45.8  -55.7  283.9   2.145136E+06
  216    739.76  26319.36     13.92     15.47    115.89    -0.44     0.37  2.47E+10    708.4   7109.8  4.64E-10  -45.9  -55.7  283.9   2.085516E+06
  217    726.13  26334.50     13.63     15.14    115.85    -0.44     0.37  2.47E+10    711.4   7096.1  4.63E-10  -45.9  -55.8  283.9   2.028519E+06
  218    712.78  26349.33     13.35     14.83    115.81    -0.44     0.37  2.47E+10    714.3   7082.8  4.61E-10  -46.0  -55.8  283.9   1.973992E+06
  219    699.71  26363.85     13.08     14.52    115.77    -0.43     0.37  2.47E+10    717.2   7069.7  4.60E-10  -46.0  -55.9  283.9   1.921789E+06
  220    686.89  26378.08     12.82     14.23    115.73    -0.43     0.38  2.47E+10    720.0   7056.9  4.58E-10  -46.1  -55.9  283.9   1.871777E+06
  221    674.32  26392.03     12.57     13.95    115.69    -0.43     0.38  2.47E+10    722.8   7044.3  4.57E-10  -46.1  -56.0  283.9   1.823832E+06
  222    662.00  26405.70     12.32     13.67    115.65    -0.43     0.38  2.47E+10    725.6   7032.0  4.55E-10  -46.2  -56.0  283.9   1.777840E+06
  223    649.91  26419.11     12.09     13.41    115.62    -0.43     0.38  2.47E+10    728.3   7019.9  4.54E-10  -46.2  -56.1  283.9   1.733692E+06
  224    638.04  26432.27     11.86     13.15    115.58    -0.43     0.38  2.47E+10    731.0   7008.0  4.52E-10  -46.3  -56.1  283.9   1.691289E+06
  225    626.40  26445.18     11.65     12.91    115.54    -0.43     0.39  2.47E+10    733.7   6996.4  4.51E-10  -46.3  -56.2  283.9   1.650537E+06
  226    614.96  26457.84     11.43     12.67    115.51    -0.43     0.39  2.47E+10    736.3   6985.0  4.50E-10  -46.3  -56.2  283.9   1.611351E+06
  227    603.74  26470.28     11.23     12.44    115.48    -0.43     0.39  2.47E+10    738.9   6973.7  4.48E-10  -46.4  -56.3  283.9   1.573648E+06
  228    592.71  26482.50     11.03     12.21    115.44    -0.43     0.39  2.47E+10    741.4   6962.7  4.47E-10  -46.4  -56.3  283.9   1.537353E+06
  229    581.87  26494.49     10.84     12.00    115.41    -0.43     0.40  2.47E+10    743.9   6951.9  4.46E-10  -46.5  -56.4  283.9   1.502394E+06
  230    571.22  26506.28     10.65     11.79    115.38    -0.43     0.40  2.47E+10    746.4   6941.2  4.45E-10  -46.5  -56.4  283.9   1.468705E+06
  231    560.75  26517.86     10.47     11.58    115.34    -0.43     0.40  2.47E+10    748.9   6930.8  4.43E-10  -46.6  -56.4  283.9   1.436224E+06
  232    550.46  26529.25     10.29     11.39    115.31    -0.43     0.40  2.47E+10    751.3   6920.5  4.42E-10  -46.6  -56.5  283.9   1.404891E+06
  233    540.34  26540.45     10.12     11.19    115.28    -0.43     0.40  2.47E+10    753.7   6910.3  4.41E-10  -46.6  -56.5  283.9   1.374652E+06
  234    530.38  26551.45      9.96     11.01    115.25    -0.43     0.40  2.47E+10    756.0   6900.4  4.40E-10  -46.7  -56.6  283.9   1.345456E+06
  235    520.59  26562.28      9.80     10.83    115.22    -0.43     0.41  2.47E+10    758.4   6890.6  4.39E-10  -46.7  -56.6  283.9   1.317253E+06
  236    510.95  26572.94      9.64     10.65    115.19    -0.43     0.41  2.47E+10    760.7   6880.9  4.38E-10  -46.8  -56.6  283.9   1.289997E+06
  237    501.46  26583.42      9.49     10.48    115.17    -0.43     0.41  2.47E+10    763.0   6871.5  4.37E-10  -46.8  -56.7  283.9   1.263646E+06
  238    492.12  26593.74      9.34     10.32    115.14    -0.42     0.41  2.47E+10    765.2   6862.1  4.36E-10  -46.8  -56.7  283.9   1.238158E+06
  239    482.92  26603.89      9.20     10.16    115.11    -0.42     0.41  2.47E+10    767.5   6852.9  4.35E-10  -46.9  -56.7  283.9   1.213495E+06
  240    473.87  26613.89      9.06     10.00    115.08    -0.42     0.42  2.47E+10    769.7   6843.9  4.34E-10  -46.9  -56.8  283.9   1.189622E+06
  241    464.95  26623.74      8.92      9.85    115.05    -0.42     0.42  2.47E+10    771.8   6834.9  4.33E-10  -46.9  -56.8  283.9   1.166503E+06
  242    456.16  26633.44      8.79      9.70    115.03    -0.42     0.42  2.47E+10    774.0   6826.2  4.32E-10  -47.0  -56.8  283.9   1.144106E+06
  243    447.50  26642.99      8.66      9.55    115.00    -0.42     0.42  2.47E+10    776.1   6817.5  4.31E-10  -47.0  -56.9  283.9   1.122401E+06
  244    438.97  26652.40      8.53      9.41    114.98    -0.42     0.42  2.47E+10    778.2   6809.0  4.30E-10  -47.0  -56.9  283.9   1.101359E+06
  245    430.56  26661.68      8.41      9.28    114.95    -0.42     0.42  2.47E+10    780.3   6800.6  4.29E-10  -47.1  -56.9  283.9   1.080951E+06
  246    422.27  26670.82      8.29      9.14    114.93    -0.42     0.43  2.47E+10    782.4   6792.3  4.28E-10  -47.1  -57.0  283.9   1.061153E+06
  247    414.09  26679.84      8.17      9.01    114.90    -0.42     0.43  2.47E+10    784.4   6784.1  4.27E-10  -47.1  -57.0  283.9   1.041938E+06
  248    406.03  26688.72      8.06      8.89    114.88    -0.42     0.43  2.47E+10    786.4   6776.0  4.26E-10  -47.2  -57.0  283.9   1.023285E+06
  249    398.08  26697.48      7.95      8.76    114.85    -0.42     0.43  2.47E+10    788.4   6768.1  4.25E-10  -47.2  -57.1  283.9   1.005169E+06
  250    390.24  26706.12      7.84      8.64    114.83    -0.42     0.43  2.47E+10    790.4   6760.2  4.24E-10  -47.2  -57.1  283.9   9.875716E+05
  251    382.50  26714.65      7.74      8.52    114.81    -0.42     0.43  2.47E+10    792.4   6752.5  4.23E-10  -47.3  -57.1  283.9   9.704710E+05
  252    374.87  26723.06      7.63      8.41    114.78    -0.42     0.44  2.47E+10    794.3   6744.9  4.23E-10  -47.3  -57.2  283.9   9.538484E+05
  253    367.34  26731.35      7.53      8.30    114.76    -0.42     0.44  2.47E+10    796.2   6737.3  4.22E-10  -47.3  -57.2  283.9   9.376857E+05
  254    359.90  26739.54      7.43      8.19    114.74    -0.42     0.44  2.47E+10    798.2   6729.9  4.21E-10  -47.3  -57.2  283.9   9.219654E+05
  255    352.56  26747.62      7.34      8.08    114.72    -0.42     0.44  2.47E+10    800.0   6722.6  4.20E-10  -47.4  -57.3  283.9   9.066711E+05
  256    345.32  26755.59      7.25      7.97    114.70    -0.42     0.44  2.47E+10    801.9   6715.3  4.19E-10  -47.4  -57.3  283.9   8.917871E+05
  257    338.17  26763.46      7.15      7.87    114.67    -0.42     0.44  2.47E+10    803.8   6708.2  4.18E-10  -47.4  -57.3  283.9   8.772982E+05
  258    331.10  26771.24      7.06      7.77    114.65    -0.42     0.45  2.47E+10    805.6   6701.1  4.18E-10  -47.5  -57.3  283.9   8.631903E+05
  259    324.13  26778.91      6.98      7.67    114.63    -0.42     0.45  2.47E+10    807.4   6694.1  4.17E-10  -47.5  -57.4  283.9   8.494496E+05
  260    317.23  26786.49      6.89      7.58    114.61    -0.42     0.45  2.47E+10    809.2   6687.2  4.16E-10  -47.5  -57.4  283.9   8.360631E+05
  261    310.43  26793.98      6.81      7.49    114.59    -0.42     0.45  2.47E+10    811.0   6680.4  4.15E-10  -47.5  -57.4  283.9   8.230183E+05
  262    303.70  26801.37      6.72      7.39    114.57    -0.42     0.45  2.47E+10    812.7   6673.7  4.15E-10  -47.6  -57.4  283.9   8.103033E+05
  263    297.06  26808.68      6.64      7.30    114.55    -0.42     0.45  2.47E+10    814.5   6667.1  4.14E-10  -47.6  -57.5  283.9   7.979067E+05
  264    290.49  26815.89      6.57      7.22    114.53    -0.42     0.45  2.47E+10    816.2   6660.5  4.13E-10  -47.6  -57.5  283.9   7.858176E+05
  265    284.00  26823.02      6.49      7.13    114.51    -0.41     0.46  2.47E+10    817.9   6654.0  4.13E-10  -47.6  -57.5  283.9   7.740256E+05
  266    277.59  26830.07      6.41      7.05    114.49    -0.41     0.46  2.47E+10    819.6   6647.6  4.12E-10  -47.7  -57.5  283.9   7.625207E+05
  267    271.25  26837.04      6.34      6.97    114.48    -0.41     0.46  2.47E+10    821.3   6641.3  4.11E-10  -47.7  -57.6  283.9   7.512934E+05
  268    264.98  26843.92      6.27      6.89    114.46    -0.41     0.46  2.47E+10    823.0   6635.0  4.11E-10  -47.7  -57.6  283.9   7.403345E+05
  269    258.79  26850.73      6.20      6.81    114.44    -0.41     0.46  2.47E+10    824.7   6628.8  4.10E-10  -47.7  -57.6  283.9   7.296351E+05
  270    252.66  26857.46      6.13      6.73    114.42    -0.41     0.46  2.47E+10    826.3   6622.7  4.09E-10  -47.8  -57.6  283.9   7.191870E+05
  271    246.60  26864.11      6.06      6.65    114.40    -0.41     0.46  2.48E+10    827.9   6616.6  4.09E-10  -47.8  -57.7  283.9   7.089821E+05
  272    240.61  26870.69      5.99      6.58    114.38    -0.41     0.47  2.48E+10    829.6   6610.6  4.08E-10  -47.8  -57.7  283.9   6.990125E+05
  273    234.68  26877.20      5.93      6.51    114.37    -0.41     0.47  2.48E+10    831.2   6604.7  4.07E-10  -47.8  -57.7  283.9   6.892709E+05
  274    228.82  26883.63      5.86      6.44    114.35    -0.41     0.47  2.48E+10    832.8   6598.8  4.07E-10  -47.9  -57.7  283.9   6.797501E+05
  275    223.02  26890.00      5.80      6.37    114.33    -0.41     0.47  2.48E+10    834.3   6593.0  4.06E-10  -47.9  -57.8  283.9   6.704432E+05
  276    217.28  26896.29      5.74      6.30    114.32    -0.41     0.47  2.48E+10    835.9   6587.3  4.05E-10  -47.9  -57.8  283.9   6.613438E+05
  277    211.60  26902.52      5.68      6.23    114.30    -0.41     0.47  2.48E+10    837.5   6581.6  4.05E-10  -47.9  -57.8  283.9   6.524454E+05
  278    205.99  26908.69      5.62      6.16    114.28    -0.41     0.47  2.48E+10    839.0   6576.0  4.04E-10  -48.0  -57.8  283.9   6.437420E+05
  279    200.43  26914.79      5.56      6.10    114.27    -0.41     0.48  2.48E+10    840.5   6570.4  4.04E-10  -48.0  -57.9  283.9   6.352277E+05
  280    194.92  26920.82      5.50      6.04    114.25    -0.41     0.48  2.48E+10    842.0   6564.9  4.03E-10  -48.0  -57.9  283.9   6.268969E+05
  281    189.48  26926.79      5.45      5.97    114.23    -0.41     0.48  2.48E+10    843.6   6559.5  4.03E-10  -48.0  -57.9  283.9   6.187441E+05
  282    184.08  26932.71      5.39      5.91    114.22    -0.41     0.48  2.48E+10    845.0   6554.1  4.02E-10  -48.0  -57.9  283.9   6.107642E+05
  283    178.75  26938.56      5.34      5.85    114.20    -0.41     0.48  2.48E+10    846.5   6548.7  4.01E-10  -48.1  -57.9  283.9   6.029521E+05
  284    173.46  26944.35      5.28      5.79    114.19    -0.41     0.48  2.48E+10    848.0   6543.5  4.01E-10  -48.1  -58.0  283.9   5.953030E+05
  285    168.23  26950.08      5.23      5.73    114.17    -0.41     0.48  2.48E+10    849.5   6538.2  4.00E-10  -48.1  -58.0  283.9   5.878122E+05
  286    163.05  26955.76      5.18      5.68    114.15    -0.41     0.48  2.48E+10    850.9   6533.1  4.00E-10  -48.1  -58.0  283.9   5.804752E+05
  287    157.92  26961.38      5.13      5.62    114.14    -0.41     0.49  2.48E+10    852.4   6527.9  3.99E-10  -48.1  -58.0  283.9   5.732877E+05
  288    152.84  26966.95      5.08      5.57    114.12    -0.41     0.49  2.48E+10    853.8   6522.8  3.99E-10  -48.2  -58.0  283.9   5.662456E+05
  289    147.81  26972.46      5.03      5.51    114.11    -0.41     0.49  2.48E+10    855.2   6517.8  3.98E-10  -48.2  -58.1  283.9   5.593447E+05
  290    142.83  26977.92      4.98      5.46    114.10    -0.41     0.49  2.48E+10    856.6   6512.8  3.98E-10  -48.2  -58.1  283.9   5.525811E+05
  291    137.89  26983.33      4.94      5.41    114.08    -0.41     0.49  2.48E+10    858.0   6507.9  3.97E-10  -48.2  -58.1  283.9   5.459513E+05
  292    133.00  26988.68      4.89      5.36    114.07    -0.41     0.49  2.48E+10    859.4   6503.0  3.97E-10  -48.2  -58.1  283.9   5.394514E+05
  293    128.15  26993.99      4.84      5.31    114.05    -0.41     0.49  2.48E+10    860.8   6498.2  3.96E-10  -48.3  -58.1  283.9   5.330780E+05
  294    123.35  26999.24      4.80      5.26    114.04    -0.41     0.49  2.48E+10    862.1   6493.4  3.96E-10  -48.3  -58.2  283.9   5.268277E+05
  295    118.60  27004.45      4.76      5.21    114.02    -0.41     0.49  2.48E+10    863.5   6488.6  3.95E-10  -48.3  -58.2  283.9   5.206973E+05
  296    113.89  27009.61      4.71      5.16    114.01    -0.41     0.50  2.48E+10    864.8   6483.9  3.95E-10  -48.3  -58.2  283.9   5.146836E+05
  297    109.22  27014.72      4.67      5.11    114.00    -0.41     0.50  2.48E+10    866.2   6479.2  3.94E-10  -48.3  -58.2  283.9   5.087836E+05
  298    104.59  27019.79      4.63      5.07    113.98    -0.41     0.50  2.48E+10    867.5   6474.6  3.94E-10  -48.4  -58.2  283.9   5.029942E+05
  299    100.00  27024.81      4.59      5.02    113.97    -0.41     0.50  2.48E+10    868.8   6470.0  3.93E-10  -48.4  -58.2  283.9   4.973127E+05
